2103
2106
2109
2110
2111
2112
2113
2114
2115
2116
2117
2118
2119
2120
2121
2122
2123
2124
2125
2009
2015
2016
6003
6006
6009
6012
6013
6101
6102
9
18
21
24
27
30
33
36
39
40
41
42
43
44
45
46
47
12003
12006
12009
12012
12015
12018
12021
12022
12023
16001
16002
22003
22006
22007
16501
16502
32003
32006
32007
32008
32009
32010
32011
32012
32013
32014
10010
10020
10027
10036
10039
10042
10045
10048
10051
10054
10057
10060
10063
10066
10067
10068
10069
10070
10071
10072
10073
10074
10075
10076
10077
10078
10079
10080
10081
10082
10083
99101
99102
99102
99103
99104
99104
99105
99105
99106
99106
99107
99108
99109
99110
99111
99130
99131
26003
26006
26009
26012
26015
26018
26021
26024
26027
26030
26031
26032
26033
26034
26035
26036
26037
26038
26039
26040
26041
26042
26043
26044
26045
26046
26501
26502
27001
27002
27003
27004
27005
4003
4006
4009
4011
4012
8001
8002
8003
30006
30009
30012
30015
30018
30020
30021
30022
30023
30024
30025
30026
30027
30028
30029
30030
30031
99008
99009
28003
28006
28009
28012
28015
28018
28019
28020
28021
28022
28023
28023
28024
28025
28026
28027
28028
999
1000
99001
99002
34001
34002
99005
99006
99007
99302
99004
99006
1
2
3
4
5
6
7
8
1
2
1
2
24003
24006
24009
24012
24015
24018
24021
24022
24023
24024
24025
24026
24027
24028
24029
24030
24031
24032
24033
24034
24035
24036
24037
24038
24039
24040
14005
14007
14010
14013
14016
14018
14021
14024
14027
14030
14033
14036
14037
14038
14039
14040
14041
18003
18006
18009
18012
18013
18014
18015
18016
18017
18018
18019
20003
20006
20009
20010
20011
20012
20013
20014
20015
20016
32501
32502